[[175,183,176,165,174,184,179,179,185,171,170,180,183,166,158,167,171,166,178,170,174,178,181,180,172,172,172,164,165,172,173,175,176,166,172,171,159,160,167,175,171,172,167,155,165,169,166,159,154,165,166,168,155,166,166,161,154,159,160,160,165,160,164,160,153,147,154,154,154,158,152,154,149,153,145,152,149,155,160,152,145,145,150,156,159,149,146,146,160,167,162,163,167,165,164,158,155,151,154,159,160,159,166,167,164,159,158,148,158,159,154,160,160,157,162,158,155,148,154,149,144,156,153,167,162,155,162,152],
 [185,177,164,172,181,174,176,185,171,167,181,183,163,159,165,175,165,170,174,179,178,182,178,173,169,173,173,166,169,172,175,173,165,171,174,162,163,167,178,177,172,171,157,161,165,165,161,155,166,170,167,161,167,163,171,165,162,157,161,157,149,156,151,151,145,151,153,148,160,150,147,149,157,147,150,148,154,161,156,148,151,152,159,156,152,147,145,157,167,163,161,167,166,166,160,158,152,153,159,157,157,165,165,161,159,157,150,152,158,158,154,160,158,160,161,157,152,155,154,149,155,150,158,163,159,166,155,150],
 [184,172,175,182,174,174,184,174,170,182,183,166,166,165,168,168,174,170,180,178,184,178,172,164,167,175,171,160,167,167,167,168,171,176,166,171,158,166,177,178,173,168,160,167,163,163,160,164,169,167,166,163,163,169,172,165,159,162,164,158,153,156,149,144,149,160,153,156,149,144,146,153,151,147,149,156,161,159,156,155,155,159,156,149,148,147,153,162,162,153,159,166,161,163,146,152,147,157,157,150,162,160,159,149,159,160,143,160,161,163,158,161,157,154,160,158,152,152,152,149,154,147,150,158,166,161,146,156],
 [179,183,183,172,178,186,172,167,178,180,165,168,167,167,168,176,173,179,178,183,177,171,164,161,171,174,169,159,167,170,177,174,174,176,179,169,165,168,179,177,172,160,172,171,162,161,164,171,172,171,166,159,160,170,170,158,164,166,168,162,156,150,146,146,161,155,150,149,142,142,148,149,145,147,150,164,161,157,156,156,157,151,150,150,151,149,158,160,149,155,161,158,156,148,147,152,159,157,159,159,161,166,156,151,159,153,155,160,154,159,163,158,156,159,159,148,149,151,150,154,150,146,159,165,162,150,148,161],
 [184,186,170,181,185,168,166,174,171,163,168,165,166,165,171,173,179,178,181,178,170,162,162,167,176,177,173,175,176,179,176,170,176,177,179,174,167,178,178,180,164,165,174,161,158,160,165,174,176,172,166,163,160,167,150,160,167,162,166,158,153,139,142,155,191,195,175,145,134,136,141,135,146,146,156,159,155,154,155,155,146,147,144,150,150,160,156,150,159,169,163,158,149,141,151,153,156,160,161,165,166,166,148,159,159,149,162,159,152,162,160,161,159,161,151,145,148,152,153,158,151,161,162,163,158,146,162,156],
 [186,171,178,176,171,166,169,166,164,164,162,167,169,173,174,174,180,182,177,174,163,160,168,177,179,178,180,179,181,177,171,177,177,177,181,172,174,182,181,176,167,172,165,153,165,166,173,177,173,176,168,161,157,153,163,167,158,163,164,155,143,141,150,188,200,199,200,199,184,155,129,140,138,147,155,152,152,153,152,144,141,142,141,145,158,162,156,162,169,164,157,159,154,154,155,153,159,157,161,161,169,157,157,162,151,158,163,155,161,165,164,162,163,158,144,146,150,151,159,162,161,158,162,158,153,156,160,160],
 [172,178,177,170,165,166,164,164,170,165,165,166,174,175,171,175,182,178,172,170,160,165,175,176,175,178,180,181,176,170,175,175,180,181,178,171,181,180,173,170,171,169,160,168,171,174,174,165,176,175,174,167,165,168,170,164,156,161,160,146,140,146,184,200,200,200,201,201,199,199,195,173,142,143,147,144,147,147,142,138,137,138,141,151,159,154,160,166,163,157,161,161,159,157,155,155,160,159,163,168,160,156,165,162,152,165,159,160,165,163,160,162,161,147,149,145,147,156,160,165,155,149,159,158,147,167,155,159],
 [181,174,163,163,164,161,163,171,170,167,166,169,172,169,168,177,180,175,173,169,161,172,174,171,176,180,181,175,173,178,172,175,179,180,167,174,176,164,170,172,168,162,162,169,176,175,164,174,179,170,171,172,172,167,169,166,164,162,154,142,141,177,202,202,202,202,201,200,202,201,201,200,201,187,158,140,137,135,130,131,134,140,149,155,149,152,161,163,156,161,162,165,161,156,153,158,161,160,170,165,160,166,162,148,162,159,158,166,163,159,161,162,151,146,152,154,153,158,163,157,149,150,154,145,156,165,142,145],
 [168,165,163,162,166,165,173,170,163,167,168,173,165,167,176,177,174,174,171,168,171,172,168,173,177,180,176,174,177,172,169,171,177,168,164,169,168,170,175,168,166,164,167,171,182,173,171,179,170,169,175,173,171,173,172,165,164,158,147,140,168,203,204,204,204,203,204,204,203,202,202,203,202,204,205,201,168,134,120,126,136,141,148,145,138,149,156,153,158,160,165,164,156,156,154,156,159,167,166,156,165,166,156,157,159,153,165,166,160,160,164,152,146,154,157,161,152,151,160,153,157,154,148,152,165,153,143,153],
 [163,160,165,167,168,174,169,164,169,166,171,163,162,171,177,176,178,175,170,175,174,160,161,164,174,172,173,177,172,177,173,169,170,160,165,156,169,175,171,166,164,168,168,182,180,177,180,173,167,171,177,176,173,171,167,163,159,147,148,157,205,206,206,206,204,204,204,203,203,203,204,205,205,206,205,206,205,204,180,151,132,133,129,137,139,141,147,154,155,159,164,155,153,153,156,158,161,166,159,162,162,154,162,164,153,161,169,162,162,163,155,140,147,158,161,162,157,164,166,164,155,153,149,163,161,152,157,157],
 [167,168,165,168,177,174,168,167,170,171,167,158,167,176,174,177,176,170,177,174,158,161,156,164,165,172,177,169,177,177,170,171,166,162,161,173,172,169,162,167,170,172,179,180,179,180,176,171,173,176,179,170,169,167,162,163,150,146,149,203,206,207,206,207,208,207,207,206,206,207,208,209,208,206,207,208,205,207,206,204,194,161,136,136,140,137,140,145,151,157,154,147,150,149,160,156,166,161,165,162,148,159,166,161,151,160,161,165,163,156,152,143,151,161,165,160,166,169,167,166,154,150,156,163,159,161,152,140],
 [166,162,168,176,179,173,176,169,174,175,166,159,171,170,176,178,172,175,172,160,174,176,179,165,169,175,171,176,178,174,169,173,163,163,173,173,174,166,168,168,173,176,180,178,175,172,168,171,175,179,174,158,162,164,163,150,146,142,200,209,209,201,208,209,208,208,209,208,209,209,209,209,210,209,210,209,207,206,204,205,204,203,201,180,151,130,131,141,150,145,141,147,144,154,155,163,156,165,162,148,161,167,160,158,165,162,163,166,159,154,150,145,157,165,163,165,168,167,165,157,155,153,158,159,162,158,142,135],
 [163,173,180,182,173,174,172,172,178,176,171,167,163,170,175,175,171,165,163,181,181,180,179,166,177,175,169,171,177,170,172,161,159,170,171,173,165,165,166,168,171,180,179,175,169,169,174,174,176,175,169,166,165,167,157,146,146,195,210,209,208,165,192,183,205,209,210,211,210,211,211,210,210,209,209,209,208,207,204,204,203,201,198,199,200,187,157,136,138,136,142,142,150,149,156,154,162,164,146,153,163,159,154,163,163,160,167,159,157,158,149,153,164,166,166,165,165,165,160,154,150,157,158,157,159,142,139,144],
 [176,182,183,173,175,168,169,181,177,173,172,161,166,175,175,168,166,165,179,182,181,182,169,178,174,170,168,173,173,173,170,165,173,172,174,167,164,168,170,172,173,168,165,169,175,173,172,174,176,169,168,158,166,162,149,148,190,209,210,208,207,134,188,68,180,196,205,211,211,213,211,212,209,210,210,209,209,205,203,192,174,152,142,174,192,198,201,197,171,144,130,143,146,143,151,157,157,148,158,160,163,153,162,162,160,163,163,154,158,154,145,155,164,162,165,161,158,163,155,158,152,151,155,157,146,135,142,153],
 [177,181,172,172,168,168,176,178,176,175,168,162,171,177,170,163,166,179,182,177,181,170,176,177,171,177,174,178,174,169,167,174,171,168,166,170,168,172,177,170,166,171,176,177,178,175,168,170,169,168,157,168,165,152,149,184,210,210,199,148,203,198,73,165,211,194,207,165,175,212,212,210,211,211,211,210,208,203,178,162,105,71,90,88,123,139,141,175,196,199,182,157,140,141,148,147,139,152,156,161,155,157,162,157,159,160,150,153,156,146,144,159,161,161,157,154,162,158,163,155,153,146,148,151,141,144,153,155],
 [182,171,165,167,167,175,175,171,174,170,162,170,177,171,164,168,178,182,177,179,174,175,178,174,177,176,176,174,169,167,174,175,170,164,172,170,172,176,171,175,177,178,174,177,171,162,161,162,166,166,171,162,151,145,174,210,212,210,213,195,199,97,143,215,149,108,84,125,179,202,153,205,211,211,210,209,206,186,157,97,53,60,71,85,99,91,77,113,175,201,201,202,195,166,141,133,141,147,152,148,148,156,153,156,159,153,145,157,152,144,148,160,153,152,157,161,163,156,159,145,145,145,152,144,139,157,156,151],
 [168,166,168,162,169,167,166,168,170,160,163,174,168,164,167,172,181,176,178,173,176,177,176,170,164,176,172,176,175,175,176,175,167,174,167,175,176,177,175,177,178,173,176,174,171,161,170,173,171,168,163,152,142,160,213,213,212,214,214,212,214,209,208,167,127,191,215,194,216,123,106,209,155,191,211,210,176,136,109,74,112,169,180,166,127,90,86,119,135,187,201,203,203,203,200,171,149,139,140,138,146,149,151,155,152,144,147,151,148,139,143,148,147,152,161,169,157,161,150,142,146,150,140,139,154,156,156,147],
 [163,169,165,165,163,160,160,172,168,163,170,166,160,170,166,173,172,178,175,175,175,170,168,169,169,172,172,173,174,174,174,166,177,170,175,177,176,178,173,172,171,173,172,166,164,173,175,174,171,162,151,141,153,211,213,213,215,214,214,214,215,146,165,204,215,208,190,213,154,83,211,215,89,164,166,146,132,105,72,124,181,194,193,188,169,120,113,116,106,123,178,200,203,203,202,201,200,181,149,133,139,140,147,144,141,143,149,142,141,148,150,149,154,155,163,162,152,161,152,140,144,140,137,142,149,147,150,158],
 [167,171,169,170,170,163,167,171,170,167,165,160,167,166,174,171,176,178,175,178,166,163,167,168,175,175,171,171,170,171,164,175,176,178,178,178,175,164,161,156,167,171,158,168,176,173,171,169,163,152,146,146,207,214,213,215,215,214,215,214,215,182,137,205,205,178,206,189,76,199,197,216,79,181,188,137,110,76,80,132,138,168,163,153,149,107,84,68,66,105,161,201,203,204,202,202,200,200,199,187,162,136,129,129,133,142,141,139,146,152,151,150,151,159,161,151,155,161,149,142,140,141,142,143,145,151,159,158],
 [176,179,174,173,168,161,170,175,170,166,157,169,167,179,178,176,180,173,179,172,170,173,172,174,177,175,172,171,169,162,169,173,180,180,179,173,164,170,173,161,167,161,162,171,172,164,166,165,155,144,147,201,214,215,214,215,217,215,215,216,218,195,209,208,129,206,196,171,203,188,151,215,69,192,193,119,100,64,134,129,104,171,100,76,87,100,61,62,77,101,178,200,202,204,203,202,202,202,201,199,200,195,166,131,122,133,135,139,149,152,155,149,148,159,149,147,156,160,148,151,144,144,148,149,151,153,157,153],
 [179,170,170,178,171,167,177,175,173,161,167,167,182,182,178,181,173,177,174,174,178,174,178,178,177,174,167,168,165,164,172,182,184,182,175,172,182,182,172,159,163,170,173,169,165,160,162,159,145,144,195,215,216,217,217,217,216,216,216,217,217,218,218,211,200,141,109,174,199,190,215,201,92,196,163,124,73,71,180,191,186,161,147,160,139,125,77,70,82,93,164,198,202,203,203,204,203,202,202,201,202,200,199,195,176,143,131,142,146,148,154,147,150,153,148,145,157,151,157,155,150,152,157,160,162,164,151,151],
 [164,158,174,175,165,177,177,169,161,166,170,182,182,177,180,173,177,175,175,182,176,181,178,176,176,171,168,164,167,174,183,184,182,178,178,182,181,177,171,169,173,172,169,164,159,158,156,148,148,193,214,216,217,218,218,217,215,216,217,217,218,218,218,219,218,218,189,186,195,120,135,203,200,196,113,124,101,97,174,185,159,112,158,177,156,126,107,85,86,70,121,199,203,204,203,204,203,203,202,202,201,200,199,197,196,195,184,158,137,144,145,142,149,147,139,147,151,148,157,153,151,153,162,166,167,159,149,151],
 [164,164,172,166,174,181,172,156,165,172,181,184,172,177,173,176,175,172,181,174,179,178,173,168,169,169,161,169,171,182,182,182,174,178,178,174,177,177,176,173,170,169,165,152,148,148,140,150,187,216,216,216,217,217,217,217,217,218,217,217,218,218,218,219,218,218,217,219,215,190,198,152,164,129,201,175,129,106,165,152,133,122,132,145,125,119,114,82,56,120,188,202,203,204,205,203,202,203,202,204,201,200,201,200,198,194,193,191,190,166,137,138,140,142,133,145,142,147,147,150,159,164,167,168,167,160,159,161],
 [170,169,168,169,179,170,171,160,167,179,183,173,172,171,175,177,169,178,169,175,176,174,168,170,170,162,167,170,180,183,178,174,176,173,167,171,177,179,175,174,166,157,154,151,150,143,147,178,216,216,218,218,218,217,216,216,217,219,220,220,220,219,219,218,217,215,219,219,219,220,212,205,132,162,138,197,148,84,168,195,166,140,134,130,118,91,55,83,106,176,202,205,205,205,205,204,203,204,203,203,202,202,200,200,197,195,193,195,193,193,191,169,145,132,132,135,137,146,151,160,163,172,170,167,169,164,159,154],
 [171,174,173,178,172,168,167,165,175,182,171,174,168,176,177,169,173,166,174,181,178,170,172,169,163,170,172,179,182,173,173,176,166,167,161,170,178,177,170,161,155,154,150,156,153,152,169,214,217,218,217,217,217,217,218,219,218,219,219,220,221,220,221,220,220,220,220,217,205,206,208,206,195,177,196,197,172,128,166,145,133,125,122,119,110,55,51,58,133,164,90,205,208,207,206,204,205,205,204,205,205,204,201,200,198,197,197,195,194,194,193,193,189,173,143,122,131,142,156,164,168,172,172,168,166,162,154,154],
 [170,169,171,175,171,167,166,169,178,169,171,170,176,179,173,173,167,172,179,178,172,174,173,167,166,169,172,175,171,171,170,164,158,159,163,174,176,169,161,157,154,151,148,156,156,166,213,216,218,218,217,218,218,219,219,219,216,218,220,221,221,221,220,220,221,220,219,192,170,171,173,188,174,193,155,170,182,182,178,136,112,111,112,117,93,50,60,124,172,63,153,210,172,127,198,205,206,205,204,205,205,203,202,201,199,198,198,197,195,196,195,191,191,189,187,176,150,141,158,161,164,170,169,166,162,156,153,157],
 [172,170,170,167,163,172,173,181,172,172,172,174,180,177,173,166,170,177,176,177,172,174,170,167,174,164,161,174,181,171,162,162,155,152,173,174,169,159,160,154,148,151,153,154,165,209,216,218,217,217,217,218,218,218,219,219,217,217,220,220,220,221,221,220,219,219,205,163,158,161,188,184,183,157,172,185,160,169,172,132,115,112,119,116,80,74,116,177,87,135,184,120,78,155,204,207,207,205,205,204,203,201,202,200,199,198,198,196,197,196,194,193,191,187,186,185,183,168,144,145,152,160,167,165,158,156,160,163],
 [170,171,170,165,170,171,173,174,171,169,176,181,176,171,164,170,176,176,178,174,174,173,166,178,173,168,179,183,171,158,164,162,153,165,172,164,159,156,160,153,152,157,153,160,204,217,217,216,217,218,218,218,219,219,221,220,218,219,219,220,221,220,221,221,219,211,178,157,147,176,189,164,129,167,183,181,183,150,149,130,123,123,112,94,97,124,197,180,115,209,84,129,188,203,206,207,207,194,188,200,202,203,202,201,200,198,199,199,198,197,196,193,191,188,183,184,181,146,130,146,150,157,165,159,157,158,160,163],
 [172,168,164,171,168,173,167,167,168,173,180,181,168,167,175,174,177,176,173,175,171,161,171,175,177,181,182,170,162,171,170,160,155,168,160,154,151,153,156,160,160,156,159,198,217,217,218,220,220,220,219,220,221,219,220,219,219,220,220,221,220,221,219,220,215,190,159,142,158,191,167,103,101,163,174,188,224,202,165,151,138,118,96,95,102,99,179,209,209,207,182,189,195,177,158,209,127,77,169,187,147,196,203,203,200,199,198,199,199,197,195,195,193,187,186,182,160,125,138,155,154,160,164,155,156,160,165,159],
 [168,164,177,170,171,173,165,170,169,179,182,172,166,175,175,179,180,175,177,171,162,169,177,179,182,179,168,165,172,169,166,162,154,152,151,155,153,154,158,157,153,155,191,218,217,219,220,221,221,221,221,221,221,221,220,219,220,220,221,220,220,220,221,220,198,174,144,162,191,174,122,150,140,143,175,229,209,189,190,183,140,112,101,109,99,126,144,202,210,209,208,198,204,204,166,179,54,193,208,147,75,192,178,190,203,200,201,200,197,198,195,194,192,188,186,173,130,118,139,154,153,163,156,145,152,158,168,150],
 [168,173,173,168,172,168,170,174,183,182,179,169,174,176,176,178,176,180,171,166,160,178,181,181,175,167,171,168,165,163,166,156,149,151,159,153,153,158,152,150,153,185,220,218,220,220,221,221,221,220,221,221,222,222,220,221,222,220,221,221,221,221,220,207,188,168,132,168,168,124,102,137,128,158,220,205,191,195,197,152,140,132,140,136,134,138,138,150,194,210,210,208,208,207,208,194,117,208,181,58,184,206,177,195,175,204,202,200,199,197,196,196,192,190,184,140,113,124,143,154,161,162,153,147,150,165,161,140],
 [172,178,168,172,174,175,174,184,178,182,176,173,172,184,184,180,176,172,169,160,175,183,182,175,167,170,160,157,160,168,164,156,155,168,156,152,151,147,143,150,175,215,218,217,219,220,221,221,221,221,221,222,222,222,223,222,221,222,222,221,221,220,217,199,175,170,140,168,146,95,130,130,135,205,199,196,209,205,142,157,166,111,109,135,151,145,140,142,151,205,210,210,209,208,208,207,190,190,72,152,180,83,81,102,100,167,117,172,198,200,198,194,194,191,155,119,115,132,147,155,165,157,147,150,157,165,158,153],
 [181,176,171,174,179,176,183,179,181,183,177,174,182,187,180,174,179,171,161,169,179,180,171,168,169,162,158,155,157,166,166,163,163,163,154,146,150,146,143,164,216,218,219,219,220,220,221,222,221,222,222,223,222,222,224,223,222,222,223,221,221,223,208,191,185,156,138,166,137,111,150,126,181,205,215,227,209,129,165,179,187,166,112,139,149,149,155,157,156,161,205,210,210,209,208,209,208,207,186,200,148,188,186,167,196,91,151,161,81,190,198,194,192,172,127,115,138,144,156,161,160,146,147,148,164,167,162,162],
 [182,177,175,180,182,184,180,179,183,176,173,175,183,177,172,178,169,166,164,176,176,170,169,170,167,165,160,158,158,167,162,160,162,162,157,153,154,145,150,212,220,219,218,222,221,222,221,222,222,222,221,221,222,222,223,222,222,221,222,223,221,218,194,179,175,161,150,151,128,127,149,150,220,228,231,211,130,154,180,186,151,100,109,162,151,157,163,162,160,140,161,209,209,209,209,209,210,209,208,208,201,187,176,157,204,192,167,62,161,199,195,195,185,138,111,133,153,155,156,162,150,144,143,153,163,166,163,163],
 [174,177,175,182,183,182,180,182,172,175,174,184,178,173,179,171,165,157,168,169,168,173,164,165,166,165,167,162,159,159,161,157,161,163,161,159,151,142,205,220,220,220,221,222,221,221,221,222,222,222,222,223,223,222,222,222,222,223,223,222,220,205,189,190,177,157,150,149,126,120,140,208,228,231,208,156,133,181,183,126,94,91,129,162,171,171,154,142,106,103,175,209,210,208,209,209,209,210,209,208,207,206,202,199,203,199,96,120,203,198,196,194,151,119,133,152,154,159,163,152,146,140,145,158,164,164,162,161],
 [182,174,178,177,178,176,173,172,178,177,183,182,175,178,174,168,158,165,168,172,176,169,170,172,168,174,174,166,155,153,155,155,163,163,160,158,144,195,221,221,221,221,221,220,219,220,222,222,222,223,223,223,223,223,222,221,221,223,223,223,204,196,186,174,161,139,140,131,120,131,172,227,230,206,183,121,165,180,111,100,88,102,158,173,143,134,115,101,106,131,206,210,210,209,210,209,210,209,209,207,205,205,202,200,202,178,98,195,199,200,198,171,124,124,151,156,156,156,155,147,143,141,147,160,171,161,161,155],
 [177,180,178,177,172,169,172,180,176,183,184,176,174,176,171,168,160,168,179,179,175,176,175,169,174,179,173,162,150,149,152,159,161,159,162,150,184,222,221,221,222,224,228,230,231,229,226,226,225,224,222,223,223,222,221,220,219,221,220,204,175,195,189,177,166,149,143,120,117,148,222,230,204,177,167,128,175,107,113,84,98,155,139,101,108,102,104,115,114,187,208,210,210,212,212,211,211,210,209,209,203,202,205,205,203,202,201,198,197,197,189,132,116,146,160,157,158,158,146,142,146,143,152,163,168,162,159,160],
 [179,177,176,169,168,177,181,177,178,185,175,172,181,170,172,171,175,181,181,178,177,178,170,169,172,168,168,162,144,146,156,157,157,155,155,174,223,220,222,220,223,225,219,217,220,220,219,214,212,216,220,224,223,222,222,222,222,220,220,206,159,138,169,165,154,124,117,122,116,198,228,205,178,206,128,147,116,124,82,92,138,99,92,123,121,120,120,114,157,206,208,210,210,211,212,211,211,210,209,208,207,202,201,204,205,204,201,198,199,197,144,117,137,157,159,162,161,150,138,151,147,145,155,167,161,158,159,163],
 [172,175,170,169,178,181,176,173,182,182,174,182,176,165,175,177,177,176,180,177,180,173,170,168,164,167,164,154,144,154,159,155,159,155,169,221,220,222,222,223,221,211,202,201,203,198,196,193,189,192,199,207,213,218,223,224,218,208,205,170,140,181,169,156,133,95,119,120,152,226,207,182,205,197,105,133,132,90,85,128,137,168,149,108,98,93,95,105,177,208,209,210,211,211,211,210,210,210,209,208,206,205,201,203,206,201,202,200,198,165,119,125,155,159,165,159,153,145,151,157,147,144,161,163,158,154,159,162],
 [172,172,172,179,181,177,169,180,182,172,182,178,166,167,174,170,173,181,174,176,174,166,165,155,164,163,162,151,144,150,150,146,155,160,216,220,222,222,220,224,213,200,191,194,171,163,163,163,164,171,181,187,195,201,209,216,216,194,161,176,194,183,165,132,99,90,122,119,216,211,189,204,212,176,91,133,108,81,156,179,177,169,151,134,132,134,118,160,206,207,211,210,210,210,211,211,210,209,207,205,202,203,203,203,203,204,203,201,184,127,110,146,160,163,161,158,145,156,160,157,144,152,163,158,150,158,161,161],
 [170,173,181,179,176,170,178,183,175,178,181,173,163,172,171,178,177,171,169,166,161,160,160,161,167,162,154,147,146,148,144,148,156,213,221,222,222,222,225,218,204,191,178,169,150,147,143,152,148,156,161,172,178,184,191,199,202,204,193,193,180,179,174,142,140,94,114,195,210,197,202,216,205,153,89,131,92,174,182,164,137,115,103,94,93,101,149,206,209,209,209,210,210,208,210,210,208,208,207,206,205,204,204,204,203,201,201,196,140,109,133,156,157,164,156,148,152,163,160,154,146,161,158,146,154,156,164,160],
 [175,180,180,172,169,176,181,171,171,176,177,171,174,176,183,178,173,173,161,161,169,161,160,170,163,163,154,147,146,144,148,146,207,221,221,210,222,223,221,200,178,173,156,150,148,141,135,147,154,149,153,156,166,176,181,189,190,190,198,179,173,183,162,135,100,142,191,189,197,204,217,205,199,153,116,170,180,189,175,154,139,135,124,112,112,146,202,208,209,210,210,212,211,211,211,211,210,209,207,204,204,204,206,203,201,203,202,157,118,122,150,156,166,160,151,153,160,157,159,147,151,159,145,154,158,164,162,163],
 [185,181,176,170,171,182,175,181,173,176,175,179,184,184,173,174,178,170,167,171,168,158,166,164,166,161,150,146,146,151,146,197,221,220,221,167,193,188,208,179,158,167,150,148,150,135,117,140,144,140,147,153,160,166,174,183,184,186,190,187,192,183,142,115,80,92,113,148,176,186,188,181,185,172,161,181,179,172,160,151,135,116,109,108,140,203,207,208,209,209,210,210,210,210,209,208,209,207,205,204,206,205,203,202,201,201,177,125,115,144,152,161,162,168,150,163,160,155,157,151,155,149,147,160,164,166,168,161],
 [184,181,179,168,177,181,182,177,174,175,179,182,185,175,177,180,173,174,171,173,157,165,168,169,167,154,153,152,157,154,188,221,221,222,190,174,168,165,165,144,160,154,151,145,150,138,122,135,142,143,145,147,153,165,171,176,171,193,200,199,188,165,127,102,120,134,151,118,121,148,175,165,176,163,186,185,154,150,161,122,102,100,101,128,201,209,209,209,208,210,209,210,209,209,209,210,208,207,204,203,203,206,204,202,202,193,134,112,134,151,160,163,166,156,160,157,151,159,153,154,146,143,162,160,165,167,168,161],
 [183,182,174,171,177,186,181,180,172,180,184,179,177,182,183,176,170,171,176,162,162,164,171,172,162,159,160,162,160,181,221,221,222,223,225,226,202,159,184,136,145,123,152,142,143,193,199,158,141,142,143,146,148,149,157,167,163,186,192,192,179,150,127,114,133,175,190,170,157,130,140,191,199,195,185,180,182,129,120,119,129,122,149,201,207,209,209,207,208,210,210,210,211,209,209,209,208,207,207,207,207,203,204,202,202,150,119,128,138,158,165,161,156,156,155,146,151,158,154,153,147,156,162,165,162,168,165,123],
 [182,182,180,176,184,182,181,169,179,186,179,172,180,183,180,174,170,174,171,160,166,172,176,168,163,163,166,162,174,220,221,221,224,224,224,223,212,180,151,127,142,140,101,142,173,213,190,180,174,142,143,144,145,148,147,137,173,188,196,190,165,143,128,135,161,174,189,200,193,188,197,196,194,180,162,157,154,131,120,85,150,198,205,208,209,210,209,209,210,210,210,210,210,210,210,207,207,208,208,208,208,203,205,204,169,124,128,145,158,167,161,167,153,158,154,150,152,159,152,149,154,163,166,166,165,165,147,99],
 [184,181,176,185,182,184,170,175,178,175,175,181,184,181,176,174,174,173,165,162,170,176,170,164,162,165,163,167,219,221,221,221,221,223,224,222,203,175,150,162,144,127,105,147,181,151,154,173,161,114,62,108,145,144,139,137,180,189,188,178,163,144,132,164,190,195,205,203,197,190,195,194,177,144,147,146,122,117,95,102,121,204,206,209,209,210,207,211,210,209,210,211,209,209,209,207,208,208,206,207,205,205,204,189,131,125,144,157,165,168,172,154,155,156,159,151,155,156,148,149,162,165,165,164,163,160,105,100],
 [182,173,183,182,181,174,171,173,177,183,182,181,184,178,175,179,177,171,160,162,174,172,167,164,167,163,163,212,220,222,222,221,219,221,225,214,183,133,154,143,138,151,133,166,140,153,144,131,107,55,51,95,131,138,137,138,141,153,158,157,155,142,135,164,189,197,199,197,188,183,187,180,144,131,147,135,107,89,126,118,125,204,205,207,208,209,209,210,210,211,211,209,209,209,208,208,209,209,208,206,205,204,201,143,118,141,155,163,167,173,161,153,154,164,163,149,156,147,147,162,164,168,164,167,156,121,100,98],
 [173,178,183,182,177,178,181,181,184,181,182,183,180,175,179,178,174,170,162,174,173,167,164,169,163,158,175,209,207,208,221,222,221,223,224,191,175,131,145,136,146,125,133,192,162,134,130,84,50,50,80,139,136,126,122,117,94,163,193,138,66,92,120,174,198,198,193,183,174,176,167,140,138,138,133,114,133,126,102,122,139,205,205,205,207,207,209,209,209,210,209,209,209,208,208,209,208,209,208,205,206,206,161,120,132,151,162,162,173,167,155,158,163,164,159,155,158,148,161,166,170,162,162,156,136,99,100,100],
 [175,180,179,178,175,181,184,184,180,181,182,182,174,175,176,173,173,167,176,176,168,167,166,163,160,188,181,129,120,144,174,215,220,224,213,188,169,167,158,125,123,114,159,142,141,122,63,50,50,64,143,151,108,74,93,125,129,198,209,143,102,127,140,170,195,186,172,160,154,144,134,136,127,160,194,218,222,219,206,162,159,205,205,206,204,204,207,209,209,210,209,209,208,208,208,210,209,207,205,207,205,183,124,120,148,159,159,171,170,158,160,161,163,167,153,166,161,161,165,172,168,161,154,147,105,100,100,103],
 [181,178,181,180,183,185,186,181,181,184,182,175,174,170,174,170,169,174,175,166,167,164,164,159,174,188,181,177,178,153,130,143,169,208,206,193,171,166,161,150,137,144,153,134,97,52,50,50,52,134,155,131,83,53,49,55,156,210,200,159,127,158,205,206,166,158,148,134,125,123,126,159,208,223,226,228,226,227,226,224,215,207,204,205,202,206,206,206,206,208,209,208,208,208,209,208,208,206,204,204,195,135,114,137,150,155,161,170,158,156,155,166,165,159,155,162,159,158,172,169,169,166,147,116,100,99,101,104],
 [178,181,179,185,186,185,178,180,187,184,177,176,175,173,171,170,173,176,167,162,160,161,159,172,202,202,204,203,194,184,161,156,181,154,209,181,160,171,157,145,145,193,141,68,54,54,52,49,111,158,148,93,60,50,49,86,197,181,178,205,189,178,172,145,104,126,119,114,109,134,206,222,223,223,226,226,228,227,229,228,227,223,211,205,205,206,206,205,203,204,206,207,207,208,208,208,206,205,204,203,152,113,130,144,156,156,167,169,153,154,167,160,164,153,154,155,151,170,167,165,170,162,135,101,99,100,104,105],
 [182,175,184,186,186,174,176,184,187,177,172,171,170,163,167,172,178,171,160,160,158,159,164,196,199,202,203,204,207,152,144,175,199,190,156,137,163,128,140,132,163,148,119,125,118,102,81,94,154,155,100,71,49,49,52,159,171,180,166,148,137,142,122,115,114,113,128,126,140,187,202,207,219,218,212,219,219,224,226,229,230,229,225,217,206,205,205,206,205,207,205,207,207,208,209,208,204,205,203,172,119,123,142,156,156,162,172,155,152,163,159,163,161,147,153,152,164,164,158,168,165,145,105,101,99,104,105,105],
 [174,180,182,182,169,168,183,185,180,167,166,167,161,167,171,173,174,159,157,158,161,159,190,193,195,197,201,178,154,179,196,201,150,144,144,149,129,128,137,121,158,214,212,208,205,205,199,147,151,121,86,49,50,49,115,179,110,129,127,142,119,76,68,103,124,118,115,134,151,189,199,202,197,206,219,216,223,224,228,230,229,230,227,224,215,204,204,205,205,205,206,205,206,207,207,205,205,202,189,128,113,139,151,158,155,171,157,156,158,161,164,160,160,145,150,159,161,153,162,170,161,115,103,98,104,104,106,104],
 [175,180,174,165,167,179,183,178,168,167,171,168,167,169,172,172,160,157,151,155,160,183,192,193,193,196,198,194,192,139,177,196,190,161,144,149,156,135,110,112,174,181,217,214,213,210,156,142,149,153,150,96,63,78,183,111,154,156,141,90,67,50,48,49,60,92,121,117,133,164,181,191,196,200,209,211,219,222,222,222,223,224,223,223,222,209,201,196,202,205,205,206,203,205,205,203,202,200,143,111,135,150,157,155,167,164,153,158,167,164,162,162,155,146,158,160,155,161,170,166,132,105,100,102,105,105,105,105],
 [171,169,170,163,177,181,176,166,174,174,173,167,170,177,177,165,162,155,153,158,178,186,189,191,192,194,197,173,186,187,193,141,135,130,148,119,104,112,144,163,123,166,212,217,215,173,141,144,152,195,202,194,160,166,120,158,165,119,73,54,50,49,48,49,48,47,55,90,121,126,147,165,181,188,204,204,219,198,211,220,216,216,218,221,216,208,199,200,203,204,205,204,205,205,202,203,202,161,114,123,144,157,151,161,163,150,156,170,165,167,164,163,154,160,160,159,158,166,169,152,109,102,99,105,105,105,105,106],
 [175,176,158,171,180,179,165,166,175,172,169,171,177,177,171,165,166,162,159,171,185,185,187,189,189,191,193,183,165,164,165,158,126,149,119,126,122,95,165,135,183,177,163,165,184,142,141,103,141,199,202,204,192,146,168,145,132,77,70,53,50,49,49,49,48,49,50,72,98,131,118,79,129,167,185,203,163,191,186,184,209,210,208,203,197,179,190,198,202,202,203,204,203,203,204,202,179,123,116,139,152,152,164,168,154,155,164,165,169,165,164,157,163,168,158,161,165,169,162,117,105,97,104,104,106,106,106,106],
 [184,167,164,178,180,168,170,173,172,175,174,171,171,170,177,171,164,162,169,180,180,182,184,185,187,189,192,196,186,169,172,145,150,136,118,122,100,135,197,178,210,206,198,180,139,145,106,75,79,100,150,193,142,157,145,191,199,185,158,109,71,50,49,48,49,48,74,90,143,137,75,67,89,94,128,188,174,176,203,216,211,209,201,184,164,147,181,201,202,202,203,203,201,201,201,194,136,112,141,146,149,156,170,156,157,157,167,161,166,163,159,161,167,164,163,164,172,167,136,104,98,101,105,106,106,105,106,106],
 [174,164,178,178,167,167,174,171,174,173,167,168,169,179,178,176,166,165,179,179,181,181,182,185,183,188,192,191,201,169,194,160,124,81,63,82,78,139,170,209,209,208,207,155,147,116,97,105,97,85,87,97,134,160,202,201,199,197,193,187,160,101,57,49,48,68,92,140,145,101,60,94,95,96,105,184,200,214,219,210,207,202,187,159,138,146,199,201,202,202,204,205,200,196,197,151,114,133,138,145,160,168,162,162,162,162,153,153,161,161,159,161,161,165,167,170,170,155,107,104,99,105,106,106,106,106,106,107],
 [168,174,176,165,165,175,172,172,173,171,162,173,180,181,180,177,167,176,178,179,180,181,184,182,182,180,183,197,172,176,146,109,72,101,61,62,107,187,202,208,207,206,167,143,131,99,117,120,108,116,104,93,94,99,139,182,198,196,192,192,188,185,151,87,65,100,128,150,126,57,98,100,102,100,136,201,200,183,178,197,201,191,167,140,140,196,200,200,201,203,202,199,199,198,170,119,124,135,148,161,168,169,158,164,163,164,155,158,160,156,161,151,159,171,172,171,164,116,104,98,104,106,106,107,105,106,107,106],
 [175,173,170,164,176,170,174,174,171,165,170,177,179,180,182,178,173,177,178,197,197,191,137,168,217,208,216,184,148,128,89,94,149,154,91,108,164,193,204,203,204,184,139,137,129,180,158,130,131,145,134,127,108,105,102,98,128,171,193,193,193,193,192,190,138,131,146,137,65,95,108,111,111,138,196,183,195,214,215,202,193,171,142,135,171,198,197,198,200,202,199,198,197,187,129,119,134,145,166,169,155,156,160,162,165,152,150,155,155,161,150,161,172,171,170,165,133,105,101,101,106,107,106,107,107,107,107,108],
 [174,167,170,175,176,176,174,163,168,175,175,177,177,180,184,184,175,119,138,212,210,209,214,218,167,164,112,87,85,114,144,156,150,147,131,189,195,196,197,198,191,141,140,103,139,196,202,198,169,146,147,154,140,125,102,106,102,98,121,166,192,194,200,167,157,143,137,84,83,116,90,84,118,196,218,223,219,170,160,194,178,141,130,166,196,197,198,201,201,199,199,198,195,144,119,138,141,160,167,160,148,155,155,162,155,144,147,153,155,152,157,165,170,170,166,147,107,102,97,104,106,107,107,107,106,107,107,108],
 [168,171,179,180,177,174,164,162,173,170,174,174,178,183,174,198,216,163,103,107,163,173,180,177,85,82,114,148,157,158,154,147,141,93,145,188,190,193,193,190,143,139,105,76,92,118,152,179,196,199,179,154,150,147,134,107,97,103,98,95,110,158,171,152,143,135,121,65,117,122,107,101,178,159,206,204,176,154,151,162,120,135,147,193,196,198,199,200,200,197,198,197,161,122,136,139,161,169,164,154,161,153,161,162,150,144,145,152,152,158,162,171,168,165,158,115,105,97,103,107,106,107,107,107,107,107,107,107],
 [171,178,182,177,173,168,163,159,160,166,173,169,181,170,181,183,184,214,214,161,92,96,133,92,69,141,136,120,112,108,111,114,73,89,178,187,188,190,192,152,131,114,67,70,78,87,102,119,142,165,186,192,176,150,142,142,134,105,90,93,89,82,105,143,135,137,185,117,123,125,129,158,190,153,188,138,181,186,165,123,109,95,132,187,200,198,198,197,198,198,196,178,127,130,140,154,169,164,156,159,157,163,164,157,151,141,142,149,154,160,166,169,168,158,124,104,101,101,106,107,107,107,107,108,106,107,107,107],
 [178,179,173,170,172,167,162,165,164,166,173,174,166,177,182,177,171,180,186,212,214,158,84,64,63,64,58,58,57,55,55,54,59,123,157,171,179,181,180,144,122,70,71,74,76,80,86,90,99,118,141,157,170,180,170,146,140,139,132,111,86,94,118,134,132,182,155,123,126,127,136,210,212,192,159,129,202,166,164,137,107,104,166,163,142,197,197,197,196,195,189,138,122,138,150,165,167,156,162,157,160,164,160,152,143,143,142,148,158,165,170,170,164,139,106,105,100,105,107,107,107,107,108,108,108,107,107,108],
 [176,169,170,175,162,169,166,167,169,164,173,169,173,185,174,171,185,180,166,167,184,212,216,157,101,97,103,106,106,109,109,106,104,111,128,142,151,160,168,168,163,140,114,98,89,87,87,87,89,90,101,117,133,149,164,175,164,145,136,136,134,125,139,125,158,183,123,124,122,123,161,189,184,202,216,199,188,122,93,134,129,176,194,126,185,195,196,195,195,194,152,121,132,144,164,168,156,157,159,154,164,158,155,146,141,143,155,155,164,168,170,158,150,112,108,100,102,107,108,108,107,107,108,107,108,107,108,108],
 [166,169,170,163,169,176,173,171,169,168,169,170,182,176,165,177,179,165,170,166,169,161,185,212,219,183,153,150,147,146,143,137,135,132,131,138,142,148,151,153,154,155,157,154,138,120,105,94,92,91,90,94,101,112,126,143,159,173,163,141,137,144,141,127,103,126,118,119,110,134,182,179,203,186,172,194,188,166,131,107,125,142,145,187,193,194,191,193,192,169,123,128,140,160,169,163,151,154,155,165,157,156,147,145,146,155,158,161,167,166,158,145,127,109,103,100,107,108,108,108,108,108,107,108,108,107,108,108],
 [169,166,164,173,180,177,170,167,165,172,167,180,180,165,170,173,164,166,168,169,168,173,164,163,182,213,218,194,169,165,166,164,164,162,164,163,161,156,157,156,155,153,150,149,148,146,143,137,123,108,95,91,89,93,100,107,125,142,149,123,142,148,141,177,156,119,117,121,139,203,177,186,196,169,169,179,149,141,137,178,153,137,162,190,191,192,192,193,183,131,119,131,151,167,163,156,152,152,161,162,158,154,149,146,153,158,162,168,161,159,156,141,111,107,99,106,107,108,108,108,108,108,108,108,109,108,108,108],
 [165,172,174,182,182,174,166,165,171,170,174,189,178,173,173,166,173,170,169,166,170,171,177,169,169,164,184,211,217,196,174,174,173,173,173,176,174,175,172,172,169,164,160,156,154,152,149,145,138,135,135,123,104,92,90,88,91,101,102,124,148,145,157,166,124,118,123,143,164,204,188,183,175,170,178,154,139,124,132,174,189,185,186,191,192,192,192,189,144,116,129,149,166,168,158,155,155,156,162,157,154,149,150,158,159,164,166,156,151,157,156,116,109,100,105,108,108,108,108,108,108,108,108,109,107,109,109,108],
 [173,177,182,181,182,171,165,169,171,179,187,188,183,172,170,175,178,168,173,172,165,179,174,174,175,170,159,156,183,212,217,198,180,177,179,179,177,178,178,176,174,178,178,174,172,166,161,154,150,145,141,133,133,125,110,94,92,87,107,138,146,136,150,142,110,114,184,184,212,170,174,191,173,171,156,146,129,140,160,162,160,181,189,189,190,189,189,161,120,126,152,166,168,157,154,158,148,164,161,157,147,150,156,161,165,167,161,155,157,161,128,111,101,101,107,108,108,108,109,109,108,108,108,108,109,109,108,109],
 [177,179,184,182,176,167,169,170,172,184,188,184,173,168,171,176,171,174,173,165,174,180,180,178,174,171,158,170,165,161,188,212,217,198,181,181,185,185,184,181,179,183,184,181,182,181,179,172,162,157,151,145,141,136,132,125,110,111,130,139,127,100,120,139,146,170,209,212,220,219,215,191,170,163,130,126,142,152,160,156,163,186,184,185,185,187,172,131,124,152,164,169,157,149,153,152,153,166,161,149,156,162,160,166,163,167,160,163,161,138,111,106,99,107,107,109,109,109,109,109,109,109,108,109,109,110,110,109],
 [163,168,173,177,175,169,173,175,177,184,181,169,164,169,171,170,175,176,168,176,180,180,180,178,171,170,165,168,164,167,169,166,187,212,217,197,184,188,188,185,185,185,187,186,187,188,185,183,180,175,172,163,152,143,142,138,134,131,133,125,79,87,104,118,146,205,218,216,209,207,212,198,181,139,126,98,94,136,154,152,180,182,181,184,183,180,139,128,152,164,168,160,156,151,155,155,161,164,154,150,160,167,162,159,159,153,169,161,154,117,106,100,105,107,108,109,109,109,108,109,108,109,109,109,108,109,109,110],
 [162,168,173,170,173,181,173,179,184,182,169,164,170,171,168,169,175,170,177,175,179,181,180,168,182,165,174,172,173,170,169,175,165,158,185,211,219,197,185,184,184,185,188,189,188,188,190,188,186,182,178,173,171,166,158,150,144,126,128,78,71,83,99,114,170,196,209,222,217,210,189,184,174,138,127,123,83,67,82,138,164,170,175,177,175,151,128,145,162,166,165,157,151,155,155,164,166,158,154,152,168,163,157,156,151,162,166,160,128,107,102,102,108,108,109,108,109,109,110,109,110,109,109,109,110,109,109,109],
 [170,179,169,170,186,175,177,182,179,168,165,173,174,174,169,174,170,172,178,176,176,174,169,174,176,176,178,179,175,168,180,174,167,163,166,159,186,214,218,200,185,186,187,189,190,190,189,188,188,183,179,177,177,173,174,170,162,142,115,87,89,95,108,153,214,217,208,208,205,182,170,164,151,147,149,143,136,116,91,71,88,134,159,163,154,130,138,160,167,166,156,155,157,162,163,168,162,156,146,160,166,160,160,156,165,167,165,144,108,104,102,108,109,108,109,109,109,109,109,110,109,109,110,110,110,109,111,110],
 [188,172,172,186,184,171,178,169,162,161,168,172,175,171,177,169,170,181,178,178,179,175,170,173,172,179,183,179,180,174,179,171,162,168,171,171,172,167,186,214,218,200,183,187,186,189,190,189,187,184,185,179,176,174,176,175,171,168,161,154,145,131,142,211,211,200,193,192,204,199,175,162,151,141,150,151,147,143,131,125,101,65,75,118,134,133,156,166,170,163,158,161,163,163,168,164,158,149,154,162,161,156,152,166,161,163,158,113,104,101,105,109,108,109,110,109,110,109,109,109,110,111,109,110,110,110,110,111],
 [202,197,191,183,180,173,171,163,161,167,174,177,165,176,165,162,177,178,180,182,181,176,170,167,181,185,180,182,175,169,171,164,170,177,173,176,174,174,170,171,184,214,217,201,184,186,184,188,188,187,186,185,184,181,178,176,175,172,167,160,153,151,142,215,218,222,208,187,155,164,161,162,133,135,142,147,152,153,151,139,130,121,96,114,126,150,163,169,168,156,158,165,163,166,167,155,159,153,160,165,159,152,159,165,159,158,124,105,101,102,109,109,109,109,110,110,109,110,110,110,110,110,110,110,111,112,110,111],
 [203,202,208,202,182,175,164,164,168,171,175,164,170,169,166,176,176,182,180,176,171,171,166,178,186,182,179,177,166,170,167,161,172,173,175,167,173,172,171,172,167,170,182,213,217,200,183,183,186,186,186,185,185,184,181,178,175,175,174,167,161,162,155,172,179,212,205,192,159,128,123,117,116,121,127,137,142,149,155,153,147,129,123,126,140,158,166,171,168,155,158,157,160,170,162,153,149,154,163,158,150,157,160,159,156,140,105,106,100,107,109,108,110,109,110,110,110,110,110,110,110,111,111,111,110,111,111,110],
 [205,207,205,210,206,191,169,167,168,175,164,168,171,164,174,180,177,176,176,172,176,173,172,183,180,179,179,170,166,165,165,174,175,174,172,170,166,167,172,175,169,165,159,169,188,211,217,200,187,186,186,186,184,184,182,179,178,175,173,172,159,199,219,181,124,184,174,142,180,154,127,125,122,122,121,124,128,137,142,150,153,144,129,130,152,163,170,168,156,155,156,159,166,168,162,150,151,159,159,149,156,159,157,149,144,109,106,101,104,109,109,109,109,110,110,111,110,111,111,111,111,110,111,110,111,111,111,110],
 [206,206,211,209,207,208,209,194,184,163,167,172,165,171,173,178,176,180,175,170,177,173,170,176,179,179,178,169,161,160,169,174,172,178,171,161,162,163,176,171,173,166,178,174,161,153,183,212,218,200,188,189,188,186,184,181,179,179,175,159,147,220,221,208,197,177,129,138,127,142,156,145,125,124,128,126,124,126,132,142,147,135,122,148,158,168,169,156,155,162,156,164,167,166,163,153,154,155,151,158,166,158,155,157,120,108,103,102,109,109,110,109,110,110,109,110,111,111,111,111,111,111,112,110,112,112,111,111],
 [208,210,209,210,212,208,207,206,204,191,180,165,173,175,183,179,181,175,171,174,171,163,166,174,181,182,174,164,162,170,169,170,176,177,168,168,165,164,176,174,169,174,181,169,155,159,168,158,185,214,219,202,187,187,185,181,178,176,173,95,192,216,203,189,177,144,132,131,134,125,151,172,160,145,128,129,130,126,131,134,135,121,138,158,165,174,165,158,159,159,160,171,170,167,159,155,153,152,162,169,158,158,166,142,107,104,102,107,109,109,110,110,110,110,111,111,111,111,111,110,111,111,111,111,112,111,111,112],
 [193,203,208,207,209,208,208,208,202,202,200,191,176,182,181,179,178,173,171,183,169,161,168,175,179,177,168,162,166,175,170,177,180,172,171,175,167,171,176,174,164,182,176,163,156,170,167,168,169,170,182,213,218,203,183,186,174,174,154,88,193,219,207,188,171,130,137,124,132,142,154,155,146,147,170,141,134,135,133,132,126,129,155,164,174,173,163,158,156,157,168,173,166,163,158,153,149,158,167,160,163,166,161,113,107,103,107,107,109,109,110,110,110,111,110,111,111,111,112,112,111,112,111,112,112,111,113,111],
 [190,189,195,202,207,206,205,207,211,211,208,203,205,197,184,181,177,171,176,183,168,161,168,171,175,169,168,167,178,170,172,178,175,170,177,178,168,177,178,168,177,178,169,160,166,170,169,172,177,166,158,167,185,215,217,201,185,181,170,94,141,216,192,156,203,180,149,138,129,155,163,140,144,126,170,151,154,149,139,133,121,150,165,172,174,162,158,163,159,161,168,165,163,165,159,151,157,166,159,164,166,163,125,108,105,107,107,108,109,109,110,111,111,110,111,111,112,112,111,112,112,112,112,113,112,112,112,112],
 [190,189,191,190,197,202,203,204,203,206,211,209,208,205,202,195,173,172,181,178,171,175,169,175,172,169,171,176,175,171,174,182,168,176,178,164,177,177,176,172,179,171,163,162,170,172,175,177,172,156,165,173,170,156,183,214,218,202,178,135,113,214,174,140,172,203,193,180,166,162,138,155,110,171,150,153,157,156,138,121,136,163,167,175,165,161,164,166,157,171,170,167,165,168,162,159,164,164,161,164,160,137,109,110,108,107,107,109,109,110,110,110,111,111,112,112,112,113,111,113,112,113,113,112,112,112,113,113],
 [190,190,191,191,191,191,196,200,203,200,201,206,213,210,205,207,204,192,183,174,179,169,166,171,172,170,180,177,176,171,184,175,174,176,166,171,184,173,171,178,176,167,163,172,169,176,175,170,155,159,167,173,170,167,163,169,189,213,219,197,131,210,134,124,174,195,150,124,177,183,164,118,162,152,150,153,154,144,122,130,156,166,173,167,165,161,168,160,165,170,171,167,171,168,168,165,170,164,159,159,153,111,111,108,106,107,107,108,109,109,110,110,111,111,112,111,112,112,112,112,113,112,113,113,113,112,112,112],
 [191,191,192,191,192,192,193,193,197,200,205,202,201,207,208,210,212,208,208,191,168,164,173,169,177,172,182,173,178,180,183,167,165,161,167,182,175,173,170,180,174,162,171,172,177,175,167,156,151,164,171,173,169,166,170,174,173,162,188,213,218,209,130,109,171,154,173,94,104,142,175,180,144,132,136,143,146,128,116,143,160,168,169,166,162,165,159,157,167,171,171,171,174,167,168,170,165,156,157,162,123,110,110,108,105,106,108,108,110,110,111,111,112,112,112,112,112,112,113,113,112,113,113,114,113,113,113,113],
 [191,192,193,193,192,192,192,193,193,193,195,201,202,200,202,207,209,207,203,209,204,190,175,175,180,172,180,178,184,185,175,156,159,170,180,173,173,173,175,177,162,158,163,176,175,166,158,152,160,166,176,173,171,166,175,175,175,165,168,168,188,213,218,204,206,196,131,85,106,108,114,137,118,127,131,131,131,118,133,149,154,160,158,164,163,165,156,162,168,172,169,173,168,166,166,168,160,155,161,133,112,113,109,105,106,107,108,109,109,110,111,111,111,112,112,113,113,113,113,113,112,113,113,113,114,113,113,114],
 [192,192,193,193,193,194,193,193,193,193,194,193,195,201,200,195,203,208,206,205,205,208,203,193,174,180,179,180,188,181,172,164,170,179,174,169,177,172,180,171,154,155,160,171,165,159,153,158,163,175,178,176,170,167,176,177,173,166,172,174,170,163,185,213,218,208,194,107,111,111,116,118,120,125,129,130,123,129,142,152,158,154,160,166,164,156,158,167,174,170,173,170,169,167,166,161,155,164,152,114,111,111,107,104,106,108,109,109,110,111,110,112,112,113,113,112,112,113,113,113,113,113,113,112,113,113,114,114],
 [192,193,193,193,193,193,193,194,194,194,194,195,194,194,194,200,197,196,203,208,207,204,203,204,201,186,176,183,182,180,177,177,177,176,170,177,169,181,176,155,154,154,166,164,157,157,158,157,164,170,178,179,170,166,177,177,171,170,173,169,167,166,166,159,187,215,217,187,131,120,127,127,138,139,130,126,130,137,148,156,156,163,170,165,158,159,161,171,174,170,175,172,164,162,159,157,170,172,123,111,111,108,103,105,105,107,109,110,110,111,111,111,112,112,113,113,113,114,113,114,113,114,113,114,114,114,115,114],
 [193,194,194,194,194,194,195,194,194,195,195,195,195,194,194,194,194,196,193,194,204,204,208,204,205,204,200,184,180,181,177,181,174,167,175,170,177,179,161,160,150,158,161,164,157,160,163,160,158,173,176,174,166,175,178,173,173,168,170,170,171,168,159,171,177,172,182,212,216,189,153,144,147,146,132,125,137,141,146,154,159,169,159,153,161,163,160,174,167,174,178,168,159,163,156,172,178,142,110,111,110,104,102,105,107,108,109,109,110,111,111,112,113,113,113,113,114,113,113,114,114,114,114,114,114,115,115,116],
 [194,194,194,195,194,195,195,196,195,196,195,196,196,196,195,195,195,194,194,194,194,196,201,205,205,204,207,205,200,182,182,177,173,172,171,169,182,165,162,153,152,158,168,160,153,157,164,156,167,178,175,172,175,182,174,178,170,168,170,171,168,165,172,178,175,163,154,159,188,215,218,194,160,139,124,141,150,146,152,160,169,163,152,155,163,150,163,170,170,175,175,162,168,159,172,179,163,112,111,110,105,102,103,105,107,108,109,110,111,112,112,112,113,113,112,113,114,114,114,114,114,114,114,115,115,114,116,117],
 [194,195,194,195,195,195,195,196,196,196,196,197,197,196,196,195,196,195,196,195,193,196,197,201,204,205,205,205,210,207,200,183,174,177,167,179,165,164,159,155,161,163,165,165,159,156,161,159,167,175,178,171,180,178,174,176,174,178,169,168,162,175,176,169,169,159,161,168,173,161,187,214,203,128,135,155,160,155,163,163,165,155,152,153,146,153,166,165,175,177,164,166,156,169,175,176,125,111,110,107,101,100,103,104,105,107,109,110,111,112,112,113,113,112,113,114,113,114,114,114,114,115,115,114,115,116,117,117],
 [194,194,195,195,195,196,196,197,197,197,197,197,196,198,196,198,196,196,197,196,196,195,195,200,200,201,206,206,209,208,208,207,197,170,177,176,164,159,160,165,166,168,172,167,168,170,165,163,162,178,167,171,178,170,182,169,179,177,170,156,166,175,164,167,164,161,166,167,165,169,168,167,171,136,151,164,164,170,166,165,155,155,151,150,151,159,160,164,173,165,170,160,163,171,176,146,111,111,107,99,100,101,103,105,106,108,110,110,111,112,113,113,112,114,114,113,115,114,114,114,114,115,114,114,116,116,117,118],
 [194,196,196,196,197,197,197,196,197,197,198,197,197,197,198,198,198,197,197,196,196,197,196,197,194,196,201,204,205,207,207,203,204,205,199,174,156,159,162,159,165,171,172,171,177,175,166,164,166,174,166,170,168,177,178,170,177,171,163,165,173,166,159,163,161,164,158,161,159,170,173,165,150,153,165,168,169,167,163,153,149,154,154,152,153,156,157,163,167,171,160,157,173,170,167,114,110,108,101,98,100,101,102,105,106,108,110,110,112,112,113,113,113,113,114,114,115,114,115,115,115,115,115,116,117,118,118,118],
 [196,196,196,197,196,197,197,198,198,198,198,198,198,198,198,199,198,199,197,198,198,198,198,198,197,198,197,199,203,206,207,210,206,199,201,201,185,164,162,173,172,174,175,176,179,175,165,161,171,168,171,166,173,181,168,177,168,165,168,170,166,162,157,161,163,157,159,155,167,175,172,162,152,161,172,169,173,164,160,151,154,156,155,154,154,153,159,165,168,161,157,168,175,174,126,112,107,103,97,98,99,101,102,104,105,108,110,110,112,113,113,113,113,114,115,114,115,114,116,115,115,116,116,117,118,117,117,119],
 [195,196,197,198,197,198,198,197,198,198,198,199,199,199,199,199,199,199,199,200,198,198,198,199,198,198,197,199,204,204,204,206,208,207,203,200,202,201,193,177,179,178,178,182,178,173,165,162,172,167,168,166,179,166,168,172,169,171,168,164,170,168,163,157,157,159,157,162,170,173,166,161,151,165,168,176,164,160,158,160,159,156,156,154,151,161,164,164,162,154,168,180,176,142,111,111,106,97,95,98,99,102,102,103,105,109,110,110,112,112,113,114,113,114,115,114,115,115,115,115,116,115,117,118,118,118,120,120],
 [196,196,197,197,198,198,198,198,199,199,198,199,199,199,199,199,200,200,201,201,200,199,199,200,199,199,198,198,198,202,204,204,205,206,206,207,201,201,201,203,194,176,180,180,179,168,161,168,168,170,162,174,167,162,170,170,175,167,167,168,173,172,166,156,161,158,159,162,172,168,168,158,157,166,170,166,155,161,159,162,157,156,155,152,156,168,170,168,156,163,180,177,157,114,113,107,100,95,96,98,99,100,101,104,104,108,109,110,112,112,114,113,114,114,115,115,114,115,115,115,116,116,118,117,118,118,120,120],
 [196,197,198,198,197,198,199,199,198,198,199,200,200,200,200,201,201,200,201,200,200,200,200,200,199,200,200,200,198,198,198,202,203,203,204,207,201,203,202,197,202,204,193,179,178,167,165,168,164,164,166,171,164,161,163,169,164,166,169,178,175,171,169,156,157,157,155,171,167,167,166,162,156,157,160,155,156,158,165,157,156,154,153,147,155,169,170,163,161,178,176,172,121,114,107,101,94,95,97,96,99,100,102,103,105,107,109,110,112,113,113,114,114,115,115,115,116,115,115,116,117,117,118,118,119,121,120,122],
 [197,198,198,198,198,198,199,199,199,200,199,200,200,201,201,200,201,201,201,202,202,202,202,201,200,200,201,201,200,200,200,199,199,202,204,201,202,199,201,204,201,201,205,209,192,165,169,166,169,163,175,167,167,166,172,160,170,171,174,175,171,171,167,147,148,148,156,169,165,166,166,165,159,166,155,158,154,167,164,158,153,152,153,153,162,169,163,159,176,180,175,140,115,111,101,94,94,94,95,96,98,99,101,103,105,107,109,112,113,113,114,114,114,114,114,115,116,115,116,117,118,117,118,119,121,120,122,122],
 [197,197,197,198,199,198,199,199,199,200,200,200,201,201,201,202,202,202,202,202,202,202,203,203,201,201,200,200,201,201,202,200,199,200,199,202,204,199,194,197,198,204,199,201,209,207,183,173,169,173,173,169,168,178,165,171,178,177,175,172,172,171,161,149,145,159,166,168,166,166,170,164,168,162,159,160,162,168,163,156,152,156,156,166,170,162,156,168,180,178,158,113,116,106,63,82,93,94,95,96,97,99,100,103,105,107,109,111,112,114,113,114,114,115,116,116,115,116,117,118,118,118,119,120,121,122,122,125],
 [198,198,198,198,200,199,200,200,200,202,200,201,201,201,202,202,203,203,203,203,203,203,203,204,203,203,202,202,201,202,203,201,201,201,200,200,200,200,204,194,193,197,199,201,200,205,211,208,189,178,172,170,175,171,164,176,172,172,172,172,175,165,154,145,151,164,168,167,167,169,170,167,166,163,168,167,168,161,156,152,152,156,167,175,158,156,163,179,181,172,120,115,108,83,43,62,92,93,94,95,96,99,101,102,106,107,109,111,112,113,114,115,115,114,116,116,116,118,118,118,119,119,121,120,123,123,125,125],
 [198,198,198,199,199,201,200,201,200,201,202,203,202,203,202,204,203,204,203,204,204,205,204,204,204,205,204,204,204,204,203,203,203,203,202,201,201,201,202,200,198,195,194,197,201,205,206,208,212,203,182,175,171,165,167,162,166,168,168,175,171,159,154,142,158,167,163,166,167,170,168,168,164,171,169,170,164,159,153,149,157,163,176,165,151,165,173,180,178,136,115,112,102,46,42,46,91,92,93,96,97,99,100,103,105,107,109,111,112,113,114,115,115,114,115,116,118,119,118,118,120,121,121,122,123,125,126,127],
 [199,200,199,200,199,201,201,202,202,203,202,202,203,203,203,204,204,203,205,205,205,206,206,206,206,205,205,206,205,205,204,204,204,203,204,203,203,201,201,201,200,198,196,192,191,196,200,204,206,213,210,202,180,168,164,160,164,165,174,177,160,155,146,153,165,165,165,165,170,170,167,168,170,172,167,167,166,151,152,157,162,173,172,154,162,172,177,182,155,112,116,109,60,41,43,43,74,92,94,94,97,98,100,102,104,107,108,111,112,113,114,115,115,115,117,118,118,118,119,120,121,121,122,123,125,126,127,129],
 [199,199,200,200,201,201,202,202,202,203,203,204,205,205,205,206,205,206,206,206,207,206,206,206,206,206,206,206,207,206,207,205,205,205,205,205,204,204,203,203,202,201,200,193,195,196,196,197,203,208,208,210,207,196,176,158,159,170,178,165,156,158,155,163,166,165,166,173,175,167,165,168,170,167,167,168,160,149,160,163,170,175,163,159,170,176,180,172,119,117,112,84,39,40,43,43,56,92,92,94,96,98,101,102,104,106,109,111,113,114,115,115,115,116,117,119,119,119,119,121,121,122,124,125,125,127,129,130],
 [200,199,200,201,201,202,202,203,203,203,204,204,206,206,206,207,206,206,207,208,208,207,207,207,207,207,207,208,207,207,207,208,207,206,205,205,205,205,204,205,204,203,202,202,198,194,194,196,196,198,204,208,207,204,204,193,176,177,168,155,158,160,157,168,166,165,171,179,171,167,164,166,163,167,165,167,155,162,168,171,178,170,158,165,173,181,179,135,115,112,106,42,39,41,42,44,44,83,91,94,96,98,99,102,105,107,109,112,113,113,116,117,117,117,118,119,119,120,121,122,123,124,125,126,128,130,130,132],
 [200,202,201,202,203,203,204,205,205,205,206,206,205,207,207,206,207,207,209,207,208,207,208,207,207,208,208,208,208,208,208,208,208,208,207,207,206,206,206,205,205,205,203,202,203,201,199,196,195,196,195,198,207,211,203,202,203,200,168,160,152,154,162,165,169,167,175,172,170,169,167,161,163,165,165,158,159,166,170,176,174,162,161,171,178,182,154,113,116,112,60,39,40,41,42,43,44,67,92,93,94,97,100,100,104,106,109,112,114,115,117,117,117,118,119,119,120,122,121,123,124,125,126,128,128,131,133,134],
 [201,201,203,203,204,204,204,205,205,206,207,206,207,206,207,208,207,208,208,208,209,208,208,209,208,209,208,209,209,208,209,209,209,208,209,209,209,207,207,206,207,205,206,205,203,203,202,201,197,196,195,192,195,204,210,208,201,205,205,186,157,158,165,169,169,170,173,167,165,165,163,168,164,166,159,153,164,163,165,168,165,164,167,173,181,171,121,116,112,86,36,39,39,41,42,43,44,48,91,94,96,98,100,103,105,108,111,112,115,116,117,118,118,118,120,121,121,121,123,124,125,127,128,129,132,133,134,136],
 [202,202,203,204,204,205,206,206,207,207,208,207,208,208,207,208,208,209,209,208,209,208,209,208,209,209,210,209,209,209,210,209,210,208,209,209,209,208,209,207,207,206,206,206,206,204,203,202,202,200,197,196,191,190,195,203,208,203,202,204,202,187,174,171,167,173,170,164,167,165,169,167,165,163,153,162,153,159,158,163,162,163,168,174,178,132,115,114,104,39,38,38,39,39,42,43,44,44,78,93,95,96,99,102,106,107,110,113,115,115,117,118,119,121,121,121,122,124,124,126,127,128,129,131,133,134,136,138],
 [202,203,205,205,206,206,207,206,207,207,208,209,208,208,208,209,209,209,209,210,209,210,209,210,210,211,210,210,211,211,210,211,210,210,210,210,210,210,210,210,209,208,207,207,206,206,206,204,203,202,201,200,198,195,193,193,197,203,207,204,200,203,201,191,176,170,163,163,167,165,169,168,165,153,161,161,148,156,160,166,156,163,166,176,149,116,116,113,57,37,37,38,40,40,41,43,44,45,58,92,94,96,100,103,104,108,110,113,115,118,119,119,121,121,121,123,123,125,125,126,129,130,132,133,135,137,139,139],
 [203,203,205,205,205,206,206,207,208,209,208,208,208,209,209,210,209,210,210,211,210,211,211,210,211,211,211,211,212,211,211,212,211,211,210,211,211,210,211,210,210,209,209,207,207,206,205,205,205,205,202,201,200,199,195,194,193,192,197,199,206,205,204,204,202,186,162,162,165,166,166,172,162,157,166,151,149,160,164,155,163,164,164,158,120,117,113,83,35,37,38,38,39,40,41,43,44,44,46,87,95,96,100,102,106,108,112,114,117,118,119,120,120,124,123,124,126,126,128,129,131,132,134,135,137,138,140,140],
 [203,205,205,206,207,207,208,207,209,209,209,209,210,209,210,210,210,211,211,212,211,212,212,213,213,212,212,213,213,212,213,212,212,213,212,212,212,212,211,212,211,211,211,210,208,208,208,206,206,206,205,204,202,200,200,198,196,197,193,193,196,200,205,205,203,205,204,189,172,164,168,166,160,167,160,151,155,163,162,157,163,162,163,124,115,118,105,40,36,37,38,38,39,39,41,42,44,45,46,69,95,97,100,103,106,110,112,115,117,120,121,122,123,124,125,126,127,128,129,130,132,133,136,138,139,139,142,144],
 [204,204,205,207,207,208,208,208,208,209,209,209,210,210,210,211,211,211,212,213,213,213,212,213,212,213,213,214,213,214,214,214,214,213,213,213,214,213,212,213,211,212,211,210,210,210,209,207,206,206,206,204,203,202,201,200,198,197,194,193,197,194,193,203,207,206,203,206,202,185,169,157,166,159,152,159,161,159,155,159,166,163,138,112,117,114,62,36,35,36,38,38,38,39,41,42,43,45,45,52,95,97,100,105,107,110,112,115,118,121,122,123,125,125,126,127,129,129,132,132,135,136,137,139,140,142,144,144],
 [204,205,206,207,207,209,209,209,209,210,210,210,210,211,212,212,213,213,212,213,213,214,214,214,214,215,215,214,214,214,214,214,214,215,214,214,214,214,213,213,213,212,212,212,211,210,211,210,208,207,207,205,205,204,203,200,198,198,196,197,193,199,196,192,199,202,205,203,203,203,196,179,159,154,159,165,160,158,162,164,165,148,112,116,117,89,42,39,35,38,37,38,38,40,40,42,43,44,45,46,81,98,101,104,107,110,114,117,120,122,124,124,126,128,129,128,131,132,133,134,136,138,140,142,142,144,146,147],
 [204,205,206,208,208,207,208,208,209,210,211,211,212,212,212,212,213,213,213,214,214,214,215,215,214,215,215,215,216,215,215,216,215,215,215,215,214,215,214,214,213,213,213,213,211,211,211,211,209,209,208,206,206,205,203,203,202,198,197,197,194,195,193,195,196,192,197,202,204,206,205,202,196,173,158,159,159,160,161,160,156,119,112,116,107,50,44,43,35,37,37,38,39,39,39,42,42,45,45,46,62,99,100,104,108,112,114,118,121,124,126,127,127,129,130,132,134,134,135,137,138,139,142,143,144,146,147,149],
 [205,205,207,207,208,209,209,209,209,210,211,211,211,212,214,213,214,213,214,215,215,215,215,216,215,215,216,216,216,216,216,216,216,216,216,216,216,216,214,214,214,214,214,213,213,213,211,211,210,210,210,208,206,205,205,203,202,201,199,198,196,194,193,192,194,193,195,193,194,199,206,204,201,203,193,169,160,162,158,159,137,113,115,117,66,46,44,44,38,36,38,37,39,39,41,42,43,43,45,46,48,94,101,105,110,113,116,120,124,126,127,129,129,130,132,133,135,136,138,139,140,142,143,145,146,147,150,150],
 [206,207,207,208,208,209,209,210,210,210,211,212,211,213,213,213,213,214,214,214,215,216,216,215,216,215,217,217,216,216,216,216,217,217,216,216,215,215,215,215,214,214,214,214,213,213,212,212,211,210,209,209,208,207,204,203,202,201,200,199,198,196,194,194,191,193,196,198,195,194,197,201,206,203,203,200,195,172,165,157,116,116,116,91,49,47,45,44,43,36,37,38,38,39,40,41,43,44,45,46,46,74,102,106,109,114,117,121,124,127,129,131,132,133,134,135,138,138,140,141,142,144,145,146,148,149,150,152],
 [207,208,208,208,208,210,209,210,211,211,211,212,213,213,214,214,215,214,215,216,215,216,216,216,216,216,217,217,217,217,216,216,216,217,216,217,217,216,217,215,216,216,214,215,214,212,212,212,211,211,211,209,209,208,207,206,203,201,200,199,198,198,195,194,193,190,189,194,200,200,196,197,199,204,203,197,200,196,195,134,115,117,121,88,49,48,47,44,44,37,37,38,38,39,40,42,42,44,44,46,47,56,102,106,111,115,118,122,126,128,132,132,134,135,137,137,139,141,142,143,144,146,147,149,149,151,152,153],
 [207,207,207,208,209,210,210,211,211,211,212,213,214,214,214,215,215,215,215,216,216,216,216,217,217,217,217,217,217,216,217,217,216,217,217,217,217,217,216,216,215,215,216,216,214,214,213,213,212,212,210,210,208,208,207,207,205,202,201,200,199,199,197,196,193,192,190,187,186,194,199,195,195,198,198,204,202,199,201,130,116,118,143,133,50,49,47,45,44,41,36,37,39,39,40,41,42,43,45,45,47,48,88,107,112,115,120,124,127,131,133,135,136,137,138,140,141,143,143,145,145,148,150,150,152,152,154,155],
 [207,208,209,209,210,210,211,211,212,212,212,212,213,214,215,215,214,215,215,216,217,217,217,217,218,217,217,217,217,217,217,217,217,217,217,216,217,216,216,217,216,216,215,216,215,214,213,212,212,212,211,210,209,208,207,207,205,204,202,201,200,198,198,196,194,193,190,189,187,184,185,193,200,197,196,193,196,202,200,127,115,134,156,153,78,50,49,46,45,43,37,38,38,39,39,41,43,43,44,45,46,48,68,108,112,117,120,125,130,132,135,136,138,140,140,141,143,144,146,147,147,150,149,152,153,153,155,155],
 [209,209,209,211,210,211,212,212,212,214,214,214,214,214,215,216,216,216,216,217,217,217,217,217,217,217,217,217,217,218,218,217,217,217,218,217,218,217,217,217,217,216,216,217,215,214,214,214,213,212,211,211,210,209,209,207,205,205,203,203,200,200,198,198,196,194,192,189,187,186,184,182,182,195,204,200,196,198,199,121,122,159,159,156,121,50,49,47,45,44,39,38,38,39,40,40,41,43,45,45,46,48,50,102,112,117,123,127,131,134,136,138,140,140,142,144,146,146,147,148,149,151,152,153,154,155,156,158],
 [209,209,210,210,211,212,212,213,214,213,215,215,215,216,216,217,217,217,216,217,216,217,218,217,218,218,218,218,217,218,217,218,219,218,218,218,218,218,217,218,216,217,216,217,216,215,215,213,214,213,211,210,209,208,207,207,207,205,203,203,202,201,199,197,195,193,193,190,190,187,184,184,182,178,182,196,205,202,193,120,152,163,160,158,154,65,50,48,46,45,43,36,38,38,39,40,42,42,44,45,46,47,49,84,112,118,123,128,132,137,138,140,142,143,144,145,146,147,148,150,151,152,154,154,156,157,156,157],
 [210,211,211,211,212,213,213,214,215,215,215,216,216,216,217,217,217,217,217,217,217,217,218,217,218,218,218,218,218,219,220,219,219,218,218,218,218,217,218,218,217,217,216,216,215,216,214,214,213,212,211,211,210,210,208,207,206,204,204,202,203,201,200,199,197,195,193,191,190,189,186,184,183,180,179,176,180,195,200,140,167,165,162,160,158,108,50,49,48,46,44,39,38,39,40,40,41,43,44,45,46,47,49,59,112,119,124,129,134,137,139,141,143,145,146,148,149,150,150,152,153,153,155,155,157,157,159,159],
 [210,211,212,211,212,213,215,214,215,216,216,216,216,217,217,217,217,217,218,218,218,218,218,219,219,218,218,219,219,219,219,219,219,218,219,218,218,218,218,218,218,217,217,217,216,216,215,215,214,213,212,211,211,209,208,207,205,206,204,202,203,200,200,198,198,195,193,190,190,188,188,185,184,182,180,178,177,173,176,169,168,166,164,163,160,150,56,50,48,46,44,42,36,39,39,39,41,42,44,44,46,47,49,49,101,119,125,131,134,139,141,143,145,147,147,148,150,151,151,152,153,155,156,157,158,158,159,159],
 [211,211,212,213,214,214,215,215,216,217,215,216,216,217,217,218,218,218,219,218,219,218,218,219,219,219,219,220,220,219,219,219,220,219,219,219,219,218,219,219,218,217,218,216,216,216,215,214,213,212,212,211,211,210,209,208,206,206,205,203,203,201,200,199,198,196,195,192,190,189,187,185,185,184,180,178,177,175,174,172,170,168,167,164,163,158,93,51,49,48,45,45,38,38,39,40,42,42,44,45,46,46,49,50,74,119,126,131,136,140,142,144,146,147,149,150,150,152,153,155,156,156,157,159,159,159,160,160],
 [213,213,214,214,215,215,215,215,216,217,216,217,217,217,218,217,219,218,219,219,219,219,220,219,220,219,219,220,220,220,220,220,220,220,219,219,219,219,218,218,218,218,217,217,217,215,216,215,214,213,213,211,211,210,209,207,207,205,204,204,202,202,201,200,198,196,195,193,192,190,187,186,186,183,182,180,179,176,175,173,172,169,168,166,163,161,141,52,51,48,46,45,41,38,40,39,41,42,43,44,45,47,48,49,53,116,125,131,137,140,144,145,147,149,150,151,153,153,155,155,156,158,158,159,159,159,159,161],
 [213,214,215,215,215,216,216,217,217,218,218,218,218,218,219,219,219,219,219,220,220,220,220,220,220,221,221,221,220,220,220,221,221,219,220,220,220,220,219,219,218,218,218,218,217,216,216,214,214,214,213,211,211,210,209,208,207,206,204,204,202,202,200,199,197,196,196,194,193,191,189,187,185,183,183,180,179,177,176,174,172,171,168,168,165,164,161,79,51,49,48,46,43,38,39,39,41,42,43,44,45,47,48,49,50,92,125,131,135,141,144,146,149,150,151,152,152,153,155,156,158,158,160,160,159,160,161,162],
 [215,215,215,216,217,216,217,217,217,217,218,218,219,219,219,219,219,220,220,220,221,220,220,221,221,220,221,221,221,221,221,221,221,221,220,220,219,218,219,219,219,219,217,217,218,217,216,215,214,214,213,212,211,210,209,208,207,205,204,204,202,202,200,199,198,197,195,194,193,190,189,188,186,183,181,180,179,177,176,174,174,171,170,168,165,164,161,127,52,50,49,47,45,40,38,40,41,42,43,45,44,45,48,50,50,66,126,131,137,142,145,147,148,150,151,153,154,155,156,157,158,159,159,159,159,162,162,162],
 [216,216,216,216,217,217,217,217,218,219,219,219,219,220,220,221,220,220,221,221,222,222,222,221,222,222,222,222,222,221,222,221,221,221,221,220,221,220,219,219,218,219,218,218,217,216,216,215,214,215,213,211,211,210,209,208,206,205,205,204,203,202,201,199,198,196,195,194,192,191,189,188,187,186,183,182,178,178,176,174,175,172,171,169,168,166,164,159,65,51,49,48,46,43,38,40,40,42,44,44,45,46,47,49,50,51,111,131,136,141,145,149,149,152,153,153,154,155,157,158,159,160,160,161,162,162,162,163],
 [218,217,217,218,219,218,219,218,219,219,219,220,220,220,220,221,221,221,221,222,223,222,222,222,223,223,223,223,222,222,222,221,222,221,221,221,220,220,220,220,219,219,219,218,217,216,216,216,216,213,213,212,211,211,209,208,207,206,205,205,203,202,200,198,199,196,195,194,192,191,190,189,187,186,184,182,180,179,175,175,174,172,171,170,169,166,165,162,111,52,51,49,46,45,38,39,41,42,43,44,44,46,47,49,50,50,83,130,137,143,145,148,149,151,151,154,155,157,157,159,159,161,161,162,162,162,163,163]]